version https://git-lfs.github.com/spec/v1
oid sha256:9a545eaf8dd87a2e9ed32ba35a6c0d0c38005b6b7cebc78733ef34a941e4cc13
size 14088
